#Counts of different amino acids in each date partiton.
#date	start	end	nseqs	A	C	D	E	F	G	H	I	K	L	M	N	P	Q	R	S	T	V	W	Y
2009.12	2009.00	2009.25	8	0	0	0	0	0	0	0	0	8	0	0	0	0	0	0	0	0	0	0	0
2009.38	2009.25	2009.50	1707	0	0	0	1	0	0	0	0	1706	0	0	0	0	0	0	0	0	0	0	0
2009.62	2009.50	2009.75	1929	0	0	0	0	0	0	0	0	1927	0	0	0	0	1	0	0	1	0	0	0
2009.88	2009.75	2010.00	1885	0	0	0	2	0	0	0	0	1881	0	0	1	0	1	0	0	0	0	0	0
2010.12	2010.00	2010.25	399	0	0	0	0	0	0	0	0	398	0	0	0	0	1	0	0	0	0	0	0
2010.38	2010.25	2010.50	125	0	0	0	0	0	0	0	0	125	0	0	0	0	0	0	0	0	0	0	0
2010.62	2010.50	2010.75	241	0	0	0	0	0	0	0	0	241	0	0	0	0	0	0	0	0	0	0	0
2010.88	2010.75	2011.00	209	0	0	0	1	0	0	0	0	207	0	0	0	0	0	0	0	1	0	0	0
2011.12	2011.00	2011.25	437	0	0	0	1	0	0	0	0	433	0	0	1	0	0	0	0	2	0	0	0
2011.38	2011.25	2011.50	48	0	0	0	0	0	0	0	0	48	0	0	0	0	0	0	0	0	0	0	0
2011.62	2011.50	2011.75	26	0	0	0	0	0	0	0	0	26	0	0	0	0	0	0	0	0	0	0	0
2011.88	2011.75	2012.00	17	0	0	0	0	0	0	0	0	17	0	0	0	0	0	0	0	0	0	0	0
2012.12	2012.00	2012.25	171	0	0	0	0	0	0	0	0	169	0	0	0	0	0	2	0	0	0	0	0
2012.38	2012.25	2012.50	26	0	0	0	0	0	0	0	0	26	0	0	0	0	0	0	0	0	0	0	0
2012.62	2012.50	2012.75	16	0	0	0	0	0	0	0	0	16	0	0	0	0	0	0	0	0	0	0	0
2012.88	2012.75	2013.00	47	0	0	0	0	0	0	0	0	47	0	0	0	0	0	0	0	0	0	0	0
2013.12	2013.00	2013.25	327	0	0	0	0	0	0	0	0	327	0	0	0	0	0	0	0	0	0	0	0
2013.38	2013.25	2013.50	36	0	0	0	0	0	0	0	0	36	0	0	0	0	0	0	0	0	0	0	0
2013.62	2013.50	2013.75	17	0	0	0	0	0	0	0	0	17	0	0	0	0	0	0	0	0	0	0	0
2013.88	2013.75	2014.00	43	0	0	0	0	0	0	0	0	43	0	0	0	0	0	0	0	0	0	0	0
